1 5000
2 4968
3 4967
4 4967
5 4966
6 4965
7 4964
8 4962
9 4960
10 4960
11 4957
12 4956
13 4956
14 4955
15 4953
16 4952
17 4951
18 4951
19 4951
20 4949
21 4948
22 4944
23 4942
24 4940
25 4939
26 4936
27 4936
28 4935
29 4935
30 4934
31 4932
32 4930
33 4928
34 4928
35 4927
36 4925
37 4923
38 4923
39 4921
40 4921
41 4920
42 4920
43 4920
44 4920
45 4920
46 4919
47 4917
48 4916
49 4916
50 4915
51 4914
52 4913
53 4911
54 4910
55 4906
56 4904
57 4902
58 4900
59 4897
60 4897
61 4894
62 4891
63 4891
64 4891
65 4891
66 4891
67 4887
68 4886
69 4886
70 4884
71 4882
72 4878
73 4876
74 4872
75 4872
76 4870
77 4868
78 4866
79 4866
80 4865
81 4865
82 4862
83 4861
84 4861
85 4857
86 4856
87 4855
88 4854
89 4854
90 4852
91 4850
92 4849
93 4849
94 4847
95 4846
96 4845
97 4843
98 4843
99 4841
100 4841
101 4841
102 4840
103 4840
104 4840
105 4840
106 4839
107 4837
108 4837
109 4836
110 4834
111 4833
112 4831
113 4829
114 4829
115 4828
116 4827
117 4826
118 4826
119 4825
120 4824
121 4824
122 4823
123 4823
124 4821
125 4821
126 4821
127 4821
128 4821
129 4820
130 4820
131 4820
132 4820
133 4819
134 4819
135 4819
136 4818
137 4818
138 4818
139 4818
140 4818
141 4818
142 4818
143 4818
144 4817
145 4817
146 4816
147 4816
148 4816
149 4814
150 4814
151 4814
152 4814
153 4813
154 4813
155 4813
156 4813
157 4813
158 4813
159 4813
160 4813
161 4812
162 4812
163 4811
164 4811
165 4811
166 4811
167 4811
168 4810
169 4810
170 4808
171 4807
172 4807
173 4806
174 4806
175 4805
176 4805
177 4802
178 4801
179 4801
180 4801
181 4801
182 4801
183 4801
184 4801
185 4801
186 4800
187 4800
188 4800
189 4800
190 4800
191 4800
192 4800
193 4800
194 4800
195 4800
196 4799
197 4799
198 4798
199 4798
200 4798
201 4797
202 4797
203 4797
204 4797
205 4797
206 4797
207 4796
208 4796
209 4796
210 4796
211 4796
212 4796
213 4796
214 4795
215 4795
216 4795
217 4795
218 4795
219 4794
220 4794
221 4794
222 4794
223 4794
224 4794
225 4794
226 4794
227 4794
228 4794
229 4794
230 4792
231 4792
232 4792
233 4792
234 4792
235 4792
236 4792
237 4790
238 4790
239 4790
240 4789
241 4789
242 4789
243 4789
244 4789
245 4789
246 4789
247 4789
248 4789
249 4789
250 4789
251 4789
252 4789
253 4789
254 4789
255 4788
256 4788
257 4788
258 4788
259 4786
260 4786
261 4785
262 4785
263 4785
264 4784
265 4784
266 4784
267 4783
268 4783
269 4783
270 4783
271 4782
272 4782
273 4782
274 4782
275 4782
276 4782
277 4782
278 4782
279 4782
280 4782
281 4782
282 4781
283 4781
284 4781
285 4781
286 4780
287 4780
288 4780
289 4780
290 4780
291 4780
292 4780
293 4780
294 4779
295 4779
296 4779
297 4779
298 4778
299 4778
300 4778
301 4777
302 4777
303 4777
304 4776
305 4776
306 4776
307 4776
308 4776
309 4776
310 4776
311 4776
312 4776
313 4776
314 4776
315 4776
316 4776
317 4776
318 4776
319 4775
320 4775
321 4775
322 4775
323 4775
324 4775
325 4775
326 4775
327 4775
328 4775
329 4775
330 4775
331 4775
332 4775
333 4775
334 4775
335 4775
336 4773
337 4773
338 4773
339 4773
340 4772
341 4772
342 4772
343 4772
344 4772
345 4772
346 4772
347 4772
348 4772
349 4772
350 4772
351 4772
352 4772
353 4772
354 4772
355 4771
356 4771
357 4771
358 4769
359 4769
360 4769
361 4769
362 4769
363 4769
364 4769
365 4769
366 4769
367 4769
368 4769
369 4769
370 4769
371 4769
372 4769
373 4769
374 4769
375 4769
376 4769
377 4769
378 4769
379 4769
380 4769
381 4769
382 4769
383 4769
384 4769
385 4768
386 4767
387 4767
388 4767
389 4767
390 4767
391 4767
392 4767
393 4767
394 4767
395 4767
396 4767
397 4767
398 4767
399 4767
400 4767
401 4767
402 4767
403 4767
404 4767
405 4767
406 4767
407 4767
408 4767
409 4767
410 4767
411 4767
412 4767
413 4767
414 4767
415 4767
416 4767
417 4767
418 4767
419 4767
420 4767
421 4767
422 4766
423 4764
424 4764
425 4763
426 4763
427 4763
428 4763
429 4763
430 4763
431 4762
432 4761
433 4761
434 4761
435 4760
436 4760
437 4760
438 4760
439 4760
440 4760
441 4760
442 4760
443 4760
444 4760
445 4760
446 4760
447 4760
448 4760
449 4760
450 4760
451 4760
452 4759
453 4758
454 4758
455 4758
456 4758
457 4758
458 4758
459 4758
460 4758
461 4758
462 4758
463 4758
464 4758
465 4758
466 4758
467 4758
468 4757
469 4757
470 4757
471 4757
472 4757
473 4757
474 4757
475 4757
476 4757
477 4757
478 4757
479 4757
480 4757
481 4757
482 4757
483 4757
484 4757
485 4757
486 4757
487 4756
488 4756
489 4756
490 4756
491 4756
492 4756
493 4756
494 4756
495 4756
496 4756
497 4756
498 4756
499 4756
500 4756
501 4756
502 4756
503 4756
504 4756
505 4756
506 4755
507 4755
508 4755
509 4755
510 4755
511 4755
512 4755
513 4755
514 4755
515 4755
516 4755
517 4755
518 4755
519 4755
520 4755
521 4755
522 4755
523 4755
524 4755
525 4754
526 4753
527 4753
528 4753
529 4753
530 4753
531 4753
532 4753
533 4753
534 4753
535 4753
536 4753
537 4753
538 4753
539 4753
540 4753
541 4753
542 4753
543 4753
544 4753
545 4753
546 4753
547 4753
548 4752
549 4752
550 4752
551 4752
552 4752
553 4752
554 4751
555 4751
556 4751
557 4751
558 4751
559 4751
560 4750
561 4750
562 4749
563 4749
564 4749
565 4749
566 4749
567 4749
568 4749
569 4749
570 4749
571 4749
572 4748
573 4748
574 4748
575 4748
576 4748
577 4748
578 4748
579 4748
580 4748
581 4748
582 4748
583 4748
584 4747
585 4747
586 4747
587 4747
588 4747
589 4747
590 4747
591 4747
592 4747
593 4747
594 4747
595 4747
596 4747
597 4747
598 4747
599 4747
600 4747
601 4747
602 4747
603 4747
604 4747
605 4747
606 4747
607 4747
608 4747
609 4746
610 4746
611 4746
612 4746
613 4746
614 4746
615 4746
616 4746
617 4746
618 4746
619 4746
620 4746
621 4746
622 4746
623 4746
624 4746
625 4746
626 4746
627 4746
628 4746
629 4746
630 4745
631 4745
632 4745
633 4745
634 4745
635 4745
636 4745
637 4745
638 4745
639 4745
640 4745
641 4745
642 4745
643 4745
644 4745
645 4745
646 4745
647 4745
648 4745
649 4745
650 4745
651 4745
652 4745
653 4745
654 4745
655 4745
656 4745
657 4745
658 4745
659 4745
660 4745
661 4745
662 4745
663 4745
664 4745
665 4745
666 4745
667 4744
668 4744
669 4744
670 4744
671 4744
672 4744
673 4744
674 4744
675 4744
676 4744
677 4744
678 4744
679 4744
680 4744
681 4743
682 4743
683 4743
684 4743
685 4743
686 4743
687 4743
688 4743
689 4743
690 4743
691 4743
692 4743
693 4742
694 4742
695 4742
696 4742
697 4742
698 4742
699 4742
700 4742
701 4742
702 4742
703 4742
704 4742
705 4742
706 4742
707 4742
708 4742
709 4742
710 4742
711 4742
712 4742
713 4742
714 4742
715 4742
716 4742
717 4742
718 4742
719 4742
720 4742
721 4742
722 4742
723 4742
724 4742
725 4742
726 4742
727 4742
728 4742
729 4742
730 4742
731 4742
732 4742
733 4742
734 4742
735 4742
736 4742
737 4742
738 4742
739 4742
740 4742
741 4740
742 4740
743 4740
744 4740
745 4739
746 4739
747 4739
748 4739
749 4739
750 4739
751 4739
752 4739
753 4739
754 4739
755 4739
756 4739
757 4739
758 4739
759 4739
760 4739
761 4739
762 4739
763 4739
764 4739
765 4739
766 4739
767 4739
768 4739
769 4739
770 4739
771 4739
772 4739
773 4739
774 4739
775 4739
776 4739
777 4739
778 4739
779 4739
780 4739
781 4739
782 4739
783 4739
784 4739
785 4739
786 4739
787 4739
788 4739
789 4739
790 4739
791 4739
792 4738
793 4738
794 4738
795 4738
796 4738
797 4738
798 4738
799 4738
800 4738
801 4738
802 4738
803 4738
804 4738
805 4738
806 4738
807 4738
808 4738
809 4738
810 4738
811 4738
812 4738
813 4738
814 4738
815 4738
816 4738
817 4738
818 4738
819 4738
820 4738
821 4738
822 4738
823 4738
824 4738
825 4738
826 4738
827 4738
828 4738
829 4738
830 4738
831 4738
832 4738
833 4738
834 4738
835 4738
836 4738
837 4738
838 4738
839 4738
840 4738
841 4738
842 4738
843 4738
844 4738
845 4738
846 4738
847 4738
848 4738
849 4738
850 4738
851 4738
852 4738
853 4738
854 4738
855 4738
856 4738
857 4738
858 4738
859 4738
860 4738
861 4738
862 4738
863 4738
864 4738
865 4738
866 4738
867 4738
868 4738
869 4738
870 4738
871 4738
872 4738
873 4738
874 4738
875 4738
876 4738
877 4738
878 4738
879 4738
880 4738
881 4738
882 4738
883 4738
884 4738
885 4738
886 4738
887 4738
888 4738
889 4738
890 4738
891 4738
892 4738
893 4738
894 4738
895 4738
896 4738
897 4738
898 4738
899 4738
900 4738
901 4738
902 4738
903 4738
904 4738
905 4738
906 4738
907 4738
908 4738
909 4738
910 4738
911 4738
912 4738
913 4738
914 4738
915 4738
916 4738
917 4737
918 4737
919 4737
920 4737
921 4737
922 4737
923 4737
924 4737
925 4737
926 4737
927 4737
928 4737
929 4737
930 4737
931 4737
932 4737
933 4737
934 4737
935 4737
936 4737
937 4737
938 4737
939 4737
940 4737
941 4737
942 4737
943 4737
944 4737
945 4737
946 4737
947 4737
948 4736
949 4736
950 4736
951 4736
952 4736
953 4736
954 4736
955 4736
956 4736
957 4736
958 4736
959 4736
960 4736
961 4736
962 4736
963 4736
964 4736
965 4736
966 4735
967 4735
968 4735
969 4735
970 4735
971 4735
972 4735
973 4735
974 4735
975 4735
976 4735
977 4735
978 4735
979 4735
980 4735
981 4735
982 4735
983 4735
984 4735
985 4734
986 4734
987 4734
988 4733
989 4733
990 4733
991 4733
992 4733
993 4733
994 4733
995 4733
996 4733
997 4733
998 4733
999 4733
1000 4733
1001 4733
1002 4733
1003 4733
1004 4733
1005 4733
1006 4733
1007 4733
1008 4733
1009 4733
1010 4733
1011 4733
1012 4732
1013 4732
1014 4732
1015 4732
1016 4732
1017 4732
1018 4732
1019 4725
1020 4716
1021 4709
1022 4703
1023 4688
1024 4683
1025 4676
1026 4671
1027 4664
1028 4654
1029 4649
1030 4645
1031 4637
1032 4632
1033 4627
1034 4623
1035 4620
1036 4616
1037 4606
1038 4597
1039 4592
1040 4587
1041 4583
1042 4579
1043 4571
1044 4567
1045 4558
1046 4549
1047 4544
1048 4539
1049 4528
1050 4524
1051 4516
1052 4507
1053 4499
1054 4493
1055 4485
1056 4473
1057 4468
1058 4466
1059 4455
1060 4452
1061 4444
1062 4438
1063 4431
1064 4423
1065 4417
1066 4413
1067 4405
1068 4397
1069 4388
1070 4382
1071 4376
1072 4373
1073 4367
1074 4361
1075 4352
1076 4343
1077 4338
1078 4329
1079 4321
1080 4310
1081 4300
1082 4293
1083 4288
1084 4284
1085 4276
1086 4268
1087 4253
1088 4243
1089 4243
1090 4231
1091 4221
1092 4215
1093 4209
1094 4198
1095 4195
1096 4189
1097 4183
1098 4175
1099 4169
1100 4160
1101 4148
1102 4144
1103 4139
1104 4129
1105 4122
1106 4118
1107 4111
1108 4102
1109 4097
1110 4090
1111 4090
1112 4080
1113 4076
1114 4072
1115 4064
1116 4052
1117 4048
1118 4039
1119 4031
1120 4027
1121 4019
1122 4016
1123 4012
1124 4007
1125 3999
1126 3991
1127 3981
1128 3970
1129 3960
1130 3945
1131 3931
1132 3923
1133 3918
1134 3911
1135 3908
1136 3899
1137 3889
1138 3880
1139 3874
1140 3864
1141 3860
1142 3852
1143 3844
1144 3838
1145 3831
1146 3827
1147 3819
1148 3810
1149 3806
1150 3794
1151 3791
1152 3780
1153 3771
1154 3764
1155 3755
1156 3747
1157 3742
1158 3738
1159 3727
1160 3722
1161 3716
1162 3711
1163 3709
1164 3700
1165 3692
1166 3681
1167 3675
1168 3670
1169 3663
1170 3657
1171 3647
1172 3641
1173 3633
1174 3626
1175 3621
1176 3617
1177 3610
1178 3599
1179 3592
1180 3581
1181 3571
1182 3557
1183 3550
1184 3543
1185 3536
1186 3529
1187 3520
1188 3510
1189 3498
1190 3491
1191 3484
1192 3480
1193 3476
1194 3464
1195 3453
1196 3444
1197 3432
1198 3419
1199 3412
1200 3404
1201 3399
1202 3389
1203 3380
1204 3367
1205 3359
1206 3350
1207 3341
1208 3332
1209 3318
1210 3311
1211 3300
1212 3291
1213 3281
1214 3273
1215 3264
1216 3256
1217 3247
1218 3239
1219 3228
1220 3217
1221 3207
1222 3192
1223 3184
1224 3179
1225 3176
1226 3169
1227 3159
1228 3151
1229 3141
1230 3133
1231 3125
1232 3119
1233 3111
1234 3096
1235 3085
1236 3082
1237 3076
1238 3068
1239 3060
1240 3047
1241 3033
1242 3024
1243 3018
1244 3009
1245 3006
1246 3000
1247 2992
1248 2982
1249 2974
1250 2967
1251 2953
1252 2946
1253 2934
1254 2928
1255 2921
1256 2914
1257 2906
1258 2899
1259 2893
1260 2886
1261 2876
1262 2870
1263 2860
1264 2854
1265 2848
1266 2842
1267 2832
1268 2820
1269 2811
1270 2803
1271 2796
1272 2792
1273 2783
1274 2773
1275 2764
1276 2755
1277 2748
1278 2744
1279 2730
1280 2723
1281 2718
1282 2704
1283 2692
1284 2684
1285 2671
1286 2667
1287 2657
1288 2647
1289 2638
1290 2626
1291 2619
1292 2608
1293 2601
1294 2593
1295 2588
1296 2580
1297 2574
1298 2568
1299 2551
1300 2543
1301 2538
1302 2529
1303 2515
1304 2510
1305 2502
1306 2495
1307 2491
1308 2481
1309 2471
1310 2460
1311 2452
1312 2441
1313 2432
1314 2423
1315 2407
1316 2403
1317 2390
1318 2383
1319 2372
1320 2366
1321 2360
1322 2351
1323 2345
1324 2338
1325 2331
1326 2327
1327 2320
1328 2310
1329 2302
1330 2297
1331 2285
1332 2272
1333 2264
1334 2258
1335 2250
1336 2244
1337 2237
1338 2230
1339 2225
1340 2221
1341 2213
1342 2208
1343 2192
1344 2185
1345 2178
1346 2170
1347 2156
1348 2144
1349 2134
1350 2120
1351 2106
1352 2098
1353 2084
1354 2071
1355 2059
1356 2053
1357 2046
1358 2039
1359 2031
1360 2018
1361 2010
1362 1997
1363 1987
1364 1976
1365 1964
1366 1959
1367 1949
1368 1941
1369 1931
1370 1924
1371 1917
1372 1909
1373 1902
1374 1896
1375 1884
1376 1873
1377 1865
1378 1856
1379 1842
1380 1835
1381 1824
1382 1818
1383 1810
1384 1807
1385 1797
1386 1794
1387 1782
1388 1775
1389 1763
1390 1755
1391 1749
1392 1741
1393 1733
1394 1729
1395 1719
1396 1712
1397 1701
1398 1692
1399 1683
1400 1672
1401 1659
1402 1648
1403 1639
1404 1628
1405 1621
1406 1607
1407 1598
1408 1590
1409 1583
1410 1570
1411 1561
1412 1552
1413 1541
1414 1533
1415 1525
1416 1511
1417 1508
1418 1499
1419 1488
1420 1478
1421 1469
1422 1465
1423 1458
1424 1444
1425 1436
1426 1424
1427 1414
1428 1409
1429 1405
1430 1399
1431 1386
1432 1374
1433 1367
1434 1362
1435 1351
1436 1346
1437 1341
1438 1335
1439 1322
1440 1308
1441 1303
1442 1293
1443 1287
1444 1282
1445 1267
1446 1260
1447 1249
1448 1237
1449 1227
1450 1221
1451 1216
1452 1203
1453 1195
1454 1185
1455 1179
1456 1167
1457 1154
1458 1142
1459 1136
1460 1127
1461 1119
1462 1110
1463 1100
1464 1091
1465 1077
1466 1067
1467 1060
1468 1049
1469 1045
1470 1030
1471 1020
1472 1012
1473 1000
1474 988
1475 983
1476 976
1477 966
1478 958
1479 945
1480 935
1481 926
1482 917
1483 908
1484 897
1485 883
1486 873
1487 869
1488 859
1489 853
1490 846
1491 833
1492 823
1493 814
1494 805
1495 798
1496 795
1497 786
1498 783
1499 775
1500 768
1501 761
1502 752
1503 740
1504 731
1505 718
1506 710
1507 699
1508 687
1509 679
1510 671
1511 660
1512 648
1513 637
1514 630
1515 620
1516 608
1517 604
1518 600
1519 596
1520 584
1521 567
1522 556
1523 546
1524 538
1525 528
1526 512
1527 502
1528 493
1529 486
1530 475
1531 461
1532 451
1533 437
1534 432
1535 424
1536 419
1537 411
1538 401
1539 399
1540 395
1541 384
1542 373
1543 365
1544 358
1545 353
1546 339
1547 325
1548 313
1549 306
1550 291
1551 279
1552 272
1553 260
1554 253
1555 236
1556 231
1557 224
1558 215
1559 207
1560 199
1561 197
1562 191
1563 191
1564 191
1565 191
1566 191
1567 191
1568 191
1569 191
1570 191
1571 191
1572 191
1573 191
1574 191
1575 191
1576 190
1577 190
1578 190
1579 190
1580 189
1581 189
1582 189
1583 189
1584 189
1585 189
1586 189
1587 189
1588 188
1589 188
1590 188
1591 188
1592 188
1593 188
1594 188
1595 188
1596 188
1597 188
1598 188
1599 188
1600 188
1601 188
1602 188
1603 188
1604 188
1605 187
1606 187
1607 187
1608 187
1609 187
1610 187
1611 187
1612 187
1613 185
1614 185
1615 184
1616 181
1617 181
1618 180
1619 180
1620 180
1621 180
1622 180
1623 180
1624 180
1625 180
1626 180
1627 180
1628 180
1629 180
1630 180
1631 179
1632 179
1633 179
1634 179
1635 179
1636 179
1637 179
1638 177
1639 177
1640 177
1641 177
1642 177
1643 177
1644 177
1645 177
1646 177
1647 177
1648 176
1649 176
1650 175
1651 175
1652 175
1653 175
1654 175
1655 175
1656 175
1657 174
1658 174
1659 174
1660 174
1661 173
1662 173
1663 172
1664 172
1665 172
1666 172
1667 171
1668 171
1669 171
1670 171
1671 171
1672 171
1673 170
1674 170
1675 170
1676 170
1677 170
1678 169
1679 169
1680 168
1681 168
1682 168
1683 168
1684 168
1685 167
1686 167
1687 167
1688 167
1689 167
1690 167
1691 167
1692 165
1693 164
1694 164
1695 164
1696 163
1697 163
1698 161
1699 161
1700 159
1701 159
1702 159
1703 159
1704 159
1705 158
1706 158
1707 158
1708 158
1709 158
1710 158
1711 158
1712 158
1713 157
1714 157
1715 157
1716 157
1717 157
1718 157
1719 157
1720 157
1721 157
1722 157
1723 157
1724 157
1725 157
1726 157
1727 156
1728 155
1729 155
1730 154
1731 153
1732 153
1733 153
1734 152
1735 151
1736 150
1737 150
1738 149
1739 149
1740 148
1741 148
1742 148
1743 147
1744 147
1745 147
1746 147
1747 147
1748 147
1749 147
1750 146
1751 146
1752 146
1753 146
1754 146
1755 146
1756 145
1757 145
1758 145
1759 145
1760 145
1761 143
1762 143
1763 143
1764 143
1765 143
1766 142
1767 142
1768 142
1769 142
1770 142
1771 142
1772 142
1773 142
1774 142
1775 142
1776 142
1777 142
1778 142
1779 142
1780 141
1781 141
1782 141
1783 141
1784 141
1785 140
1786 139
1787 139
1788 139
1789 139
1790 139
1791 138
1792 138
1793 138
1794 138
1795 138
1796 138
1797 138
1798 137
1799 136
1800 136
1801 136
1802 135
1803 135
1804 135
1805 135
1806 135
1807 134
1808 133
1809 133
1810 133
1811 133
1812 133
1813 132
1814 131
1815 131
1816 130
1817 130
1818 130
1819 130
1820 130
1821 130
1822 129
1823 129
1824 126
1825 126
1826 126
1827 126
1828 126
1829 125
1830 125
1831 124
1832 123
1833 123
1834 123
1835 123
1836 123
1837 122
1838 121
1839 121
1840 121
1841 121
1842 121
1843 120
1844 120
1845 119
1846 118
1847 116
1848 115
1849 115
1850 115
1851 115
1852 115
1853 114
1854 114
1855 114
1856 114
1857 114
1858 114
1859 114
1860 114
1861 114
1862 113
1863 112
1864 112
1865 112
1866 112
1867 112
1868 112
1869 112
1870 111
1871 111
1872 110
1873 110
1874 109
1875 109
1876 109
1877 109
1878 108
1879 107
1880 107
1881 107
1882 107
1883 107
1884 107
1885 106
1886 105
1887 105
1888 105
1889 104
1890 104
1891 104
1892 104
1893 104
1894 103
1895 103
1896 103
1897 103
1898 102
1899 102
1900 101
1901 101
1902 100
1903 100
1904 100
1905 100
1906 100
1907 100
1908 100
1909 98
1910 98
1911 98
1912 98
1913 98
1914 98
1915 98
1916 98
1917 98
1918 97
1919 97
1920 97
1921 97
1922 97
1923 97
1924 96
1925 96
1926 96
1927 96
1928 95
1929 95
1930 95
1931 95
1932 95
1933 95
1934 95
1935 94
1936 93
1937 93
1938 93
1939 93
1940 93
1941 93
1942 93
1943 93
1944 93
1945 93
1946 93
1947 91
1948 91
1949 91
1950 91
1951 91
1952 91
1953 90
1954 90
1955 90
1956 90
1957 89
1958 89
1959 89
1960 89
1961 89
1962 89
1963 88
1964 87
1965 87
1966 87
1967 87
1968 87
1969 87
1970 87
1971 87
1972 87
1973 86
1974 85
1975 85
1976 85
1977 85
1978 85
1979 85
1980 85
1981 84
1982 84
1983 84
1984 84
1985 84
1986 83
1987 82
1988 81
1989 81
1990 80
1991 80
1992 80
1993 80
1994 80
1995 80
1996 80
1997 80
1998 80
1999 80
2000 78
2001 78
2002 77
2003 75
2004 75
2005 75
2006 74
2007 73
2008 73
2009 72
2010 72
2011 72
2012 71
2013 71
2014 70
2015 69
2016 69
2017 69
2018 69
2019 68
2020 67
2021 67
2022 67
2023 67
2024 66
2025 66
2026 65
2027 65
2028 64
2029 63
2030 63
2031 63
2032 63
2033 62
2034 62
2035 62
2036 62
2037 61
2038 61
2039 60
2040 60
2041 60
2042 60
2043 59
2044 59
2045 59
2046 59
2047 59
2048 59
2049 59
2050 59
2051 58
2052 58
2053 58
2054 57
2055 56
2056 56
2057 56
2058 56
2059 55
2060 54
2061 53
2062 53
2063 53
2064 52
2065 52
2066 52
2067 51
2068 51
2069 51
2070 51
2071 51
2072 51
2073 51
2074 50
2075 50
2076 50
2077 50
2078 50
2079 50
2080 50
2081 49
2082 47
2083 47
2084 45
2085 44
2086 44
2087 43
2088 41
2089 40
2090 40
2091 39
2092 39
2093 39
2094 38
2095 38
2096 38
2097 38
2098 38
2099 38
2100 38
2101 37
2102 36
2103 36
2104 35
2105 35
2106 35
2107 35
2108 35
2109 35
2110 35
2111 35
2112 35
2113 35
2114 35
2115 35
2116 35
2117 35
2118 34
2119 34
2120 34
2121 34
2122 34
2123 34
2124 34
2125 34
2126 34
2127 34
2128 34
2129 34
2130 34
2131 34
2132 34
2133 34
2134 34
2135 34
2136 33
2137 33
2138 33
2139 33
2140 33
2141 33
2142 33
2143 33
2144 32
2145 32
2146 32
2147 32
2148 32
2149 32
2150 32
2151 31
2152 31
2153 31
2154 31
2155 31
2156 31
2157 31
2158 31
2159 31
2160 31
2161 31
2162 31
2163 31
2164 31
2165 31
2166 31
2167 31
2168 31
2169 30
2170 30
2171 30
2172 30
2173 30
2174 30
2175 30
2176 30
2177 30
2178 30
2179 29
2180 29
2181 29
2182 28
2183 28
2184 27
2185 27
2186 27
2187 27
2188 27
2189 27
2190 27
2191 27
2192 27
2193 27
2194 27
2195 27
2196 27
2197 27
2198 27
2199 27
2200 27
2201 27
2202 27
2203 27
2204 27
2205 27
2206 27
2207 27
2208 27
2209 27
2210 27
2211 27
2212 27
2213 27
2214 27
2215 27
2216 27
2217 27
2218 27
2219 27
2220 27
2221 27
2222 27
2223 27
2224 27
2225 27
2226 27
2227 27
2228 26
2229 26
2230 25
2231 25
2232 25
2233 24
2234 24
2235 24
2236 24
2237 24
2238 24
2239 24
2240 24
2241 24
2242 24
2243 24
2244 24
2245 24
2246 23
2247 23
2248 23
2249 23
2250 23
2251 23
2252 23
2253 23
2254 23
2255 23
2256 23
2257 23
2258 23
2259 23
2260 23
2261 23
2262 23
2263 23
2264 23
2265 23
2266 23
2267 23
2268 23
2269 23
2270 22
2271 22
2272 22
2273 22
2274 22
2275 22
2276 22
2277 22
2278 22
2279 22
2280 22
2281 22
2282 22
2283 22
2284 22
2285 22
2286 22
2287 22
2288 22
2289 22
2290 22
2291 22
2292 22
2293 22
2294 22
2295 22
2296 22
2297 22
2298 21
2299 21
2300 21
2301 21
2302 21
2303 21
2304 21
2305 21
2306 21
2307 21
2308 21
2309 21
2310 21
2311 21
2312 21
2313 21
2314 21
2315 21
2316 21
2317 21
2318 21
2319 21
2320 21
2321 21
2322 20
2323 19
2324 19
2325 19
2326 19
2327 19
2328 19
2329 18
2330 18
2331 18
2332 18
2333 18
2334 18
2335 18
2336 18
2337 18
2338 18
2339 18
2340 18
2341 18
2342 18
2343 18
2344 18
2345 18
2346 18
2347 17
2348 17
2349 17
2350 17
2351 17
2352 17
2353 17
2354 17
2355 17
2356 17
2357 17
2358 17
2359 17
2360 17
2361 17
2362 17
2363 17
2364 17
2365 17
2366 17
2367 17
2368 17
2369 17
2370 17
2371 17
2372 17
2373 17
2374 17
2375 17
2376 17
2377 17
2378 17
2379 17
2380 16
2381 16
2382 16
2383 16
2384 16
2385 16
2386 16
2387 16
2388 16
2389 16
2390 16
2391 16
2392 16
2393 16
2394 16
2395 16
2396 16
2397 16
2398 16
2399 16
2400 16
2401 16
2402 16
2403 16
2404 16
2405 16
2406 16
2407 16
2408 16
2409 16
2410 15
2411 15
2412 15
2413 15
2414 15
2415 15
2416 15
2417 14
2418 14
2419 14
2420 14
2421 14
2422 14
2423 14
2424 14
2425 14
2426 14
2427 14
2428 14
2429 14
2430 14
2431 14
2432 13
2433 13
2434 13
2435 13
2436 13
2437 13
2438 13
2439 13
2440 13
2441 13
2442 13
2443 13
2444 13
2445 13
2446 12
2447 12
2448 12
2449 12
2450 12
2451 12
2452 12
2453 12
2454 12
2455 12
2456 12
2457 12
2458 12
2459 12
2460 12
2461 12
2462 12
2463 12
2464 12
2465 12
2466 12
2467 12
2468 12
2469 12
2470 12
2471 12
2472 12
2473 12
2474 12
2475 12
2476 12
2477 12
2478 12
2479 12
2480 12
2481 12
2482 12
2483 12
2484 12
2485 12
2486 12
2487 12
2488 12
2489 12
2490 12
2491 12
2492 12
2493 12
2494 12
2495 12
2496 12
2497 12
2498 12
2499 12
2500 12
2501 12
2502 12
2503 12
2504 12
2505 12
2506 12
2507 12
2508 12
2509 12
2510 12
2511 12
2512 12
2513 12
2514 12
2515 12
2516 12
2517 12
2518 12
2519 12
2520 12
2521 12
2522 12
2523 12
2524 12
2525 12
2526 12
2527 12
2528 11
2529 11
2530 11
2531 11
2532 11
2533 11
2534 11
2535 11
2536 11
2537 11
2538 11
2539 11
2540 10
2541 10
2542 10
2543 10
2544 10
2545 10
2546 10
2547 10
2548 10
2549 10
2550 10
2551 10
2552 10
2553 10
2554 10
2555 10
2556 10
2557 10
2558 10
2559 10
2560 10
2561 10
2562 10
2563 10
2564 10
2565 10
2566 10
2567 10
2568 10
2569 10
2570 10
2571 10
2572 10
2573 10
2574 10
2575 10
2576 10
2577 10
2578 10
2579 10
2580 10
2581 10
2582 10
2583 10
2584 10
2585 10
2586 10
2587 10
2588 10
2589 10
2590 10
2591 10
2592 10
2593 10
2594 10
2595 10
2596 10
2597 10
2598 10
2599 10
2600 10
2601 10
2602 10
2603 10
2604 10
2605 10
2606 10
2607 10
2608 10
2609 10
2610 10
2611 10
2612 10
2613 10
2614 10
2615 10
2616 10
2617 10
2618 10
2619 9
2620 9
2621 9
2622 9
2623 9
2624 9
2625 9
2626 9
2627 9
2628 9
2629 9
2630 9
2631 9
2632 9
2633 9
2634 9
2635 9
2636 8
2637 8
2638 8
2639 8
2640 8
2641 8
2642 8
2643 8
2644 8
2645 8
2646 8
2647 8
2648 8
2649 8
2650 8
2651 8
2652 8
2653 8
2654 8
2655 8
2656 8
2657 8
2658 8
2659 8
2660 8
2661 8
2662 8
2663 8
2664 8
2665 8
2666 8
2667 8
2668 8
2669 8
2670 8
2671 8
2672 8
2673 8
2674 8
2675 8
2676 8
2677 8
2678 8
2679 8
2680 8
2681 7
2682 7
2683 7
2684 7
2685 7
2686 7
2687 7
2688 7
2689 7
2690 7
2691 7
2692 7
2693 7
2694 7
2695 7
2696 7
2697 7
2698 7
2699 7
2700 7
2701 7
2702 7
2703 7
2704 7
2705 7
2706 7
2707 7
2708 7
2709 7
2710 7
2711 7
2712 7
2713 7
2714 7
2715 7
2716 7
2717 7
2718 7
2719 7
2720 7
2721 7
2722 7
2723 7
2724 7
2725 7
2726 7
2727 7
2728 7
2729 7
2730 7
2731 7
2732 7
2733 7
2734 7
2735 7
2736 7
2737 7
2738 7
2739 7
2740 7
2741 7
2742 7
2743 7
2744 7
2745 7
2746 7
2747 7
2748 7
2749 7
2750 7
2751 7
2752 7
2753 7
2754 7
2755 7
2756 7
2757 7
2758 7
2759 7
2760 7
2761 7
2762 7
2763 7
2764 7
2765 7
2766 7
2767 7
2768 7
2769 6
2770 6
2771 6
2772 6
2773 6
2774 6
2775 6
2776 6
2777 6
2778 6
2779 6
2780 6
2781 6
2782 6
2783 6
2784 6
2785 6
2786 6
2787 6
2788 6
2789 6
2790 6
2791 6
2792 6
2793 6
2794 6
2795 6
2796 6
2797 6
2798 6
2799 6
2800 6
2801 6
2802 6
2803 6
2804 6
2805 5
2806 5
2807 5
2808 5
2809 5
2810 5
2811 5
2812 5
2813 5
2814 5
2815 5
2816 5
2817 5
2818 5
2819 5
2820 5
2821 5
2822 5
2823 5
2824 5
2825 5
2826 5
2827 5
2828 5
2829 5
2830 5
2831 5
2832 5
2833 5
2834 5
2835 5
2836 4
2837 4
2838 4
2839 4
2840 4
2841 4
2842 4
2843 4
2844 4
2845 4
2846 4
2847 4
2848 4
2849 4
2850 4
2851 4
2852 4
2853 4
2854 4
2855 4
2856 4
2857 4
2858 4
2859 4
2860 4
2861 4
2862 4
2863 4
2864 4
2865 4
2866 4
2867 4
2868 4
2869 4
2870 4
2871 4
2872 4
2873 4
2874 4
2875 4
2876 4
2877 4
2878 4
2879 4
2880 4
2881 4
2882 4
2883 4
2884 4
2885 4
2886 4
2887 4
2888 4
2889 4
2890 4
2891 4
2892 4
2893 4
2894 4
2895 4
2896 4
2897 4
2898 4
2899 4
2900 4
2901 4
2902 4
2903 4
2904 4
2905 4
2906 4
2907 4
2908 4
2909 4
2910 4
2911 4
2912 4
2913 4
2914 4
2915 4
2916 4
2917 4
2918 4
2919 4
2920 4
2921 4
2922 4
2923 4
2924 4
2925 4
2926 3
2927 3
2928 3
2929 3
2930 3
2931 3
2932 3
2933 3
2934 3
2935 3
2936 3
2937 3
2938 3
2939 3
2940 3
2941 3
2942 3
2943 3
2944 3
2945 3
2946 3
2947 3
2948 3
2949 3
2950 3
2951 3
2952 3
2953 3
2954 3
2955 3
2956 3
2957 3
2958 3
2959 3
2960 3
2961 3
2962 3
2963 3
2964 3
2965 3
2966 3
2967 3
2968 3
2969 3
2970 3
2971 3
2972 3
2973 3
2974 3
2975 3
2976 3
2977 3
2978 3
2979 3
2980 3
2981 3
2982 3
2983 3
2984 3
2985 3
2986 3
2987 3
2988 3
2989 3
2990 3
2991 3
2992 3
2993 3
2994 3
2995 3
2996 3
2997 3
2998 3
2999 3
3000 3
3001 3
3002 3
3003 3
3004 3
3005 3
3006 3
3007 3
3008 3
3009 3
3010 3
3011 3
3012 3
3013 3
3014 3
3015 3
3016 3
3017 3
3018 3
3019 3
3020 3
3021 3
3022 3
3023 3
3024 3
3025 3
3026 3
3027 3
3028 3
3029 3
3030 3
3031 3
3032 3
3033 3
3034 3
3035 3
3036 3
3037 3
3038 3
3039 3
3040 3
3041 3
3042 3
3043 3
3044 3
3045 3
3046 3
3047 3
3048 3
3049 3
3050 3
3051 3
3052 3
3053 3
3054 3
3055 3
3056 3
3057 3
3058 3
3059 3
3060 3
3061 3
3062 3
3063 3
3064 3
3065 3
3066 3
3067 3
3068 3
3069 3
3070 3
3071 3
3072 3
3073 3
3074 3
3075 3
3076 3
3077 3
3078 3
3079 3
3080 3
3081 3
3082 3
3083 3
3084 3
3085 3
3086 3
3087 3
3088 3
3089 3
3090 3
3091 3
3092 3
3093 3
3094 3
3095 3
3096 3
3097 3
3098 3
3099 3
3100 3
3101 3
3102 3
3103 3
3104 3
3105 3
3106 3
3107 3
3108 3
3109 3
3110 3
3111 3
3112 3
3113 3
3114 3
3115 3
3116 3
3117 3
3118 3
3119 3
3120 3
3121 3
3122 3
3123 3
3124 3
3125 3
3126 3
3127 3
3128 3
3129 3
3130 3
3131 3
3132 3
3133 3
3134 3
3135 3
3136 3
3137 3
3138 3
3139 3
3140 3
3141 3
3142 2
3143 2
3144 2
3145 2
3146 2
3147 2
3148 2
3149 2
3150 2
3151 2
3152 2
3153 2
3154 2
3155 2
3156 2
3157 2
3158 2
3159 2
3160 2
3161 2
3162 2
3163 2
3164 2
3165 2
3166 2
3167 2
3168 2
3169 2
3170 2
3171 2
3172 2
3173 2
3174 2
3175 2
3176 2
3177 2
3178 2
3179 2
3180 2
3181 2
3182 2
3183 2
3184 2
3185 2
3186 2
3187 2
3188 2
3189 2
3190 2
3191 2
3192 2
3193 2
3194 2
3195 2
3196 2
3197 2
3198 2
3199 1
3200 1
3201 1
3202 1
3203 1
3204 1
3205 1
3206 1
3207 1
3208 1
3209 1
3210 1
3211 1
3212 1
3213 1
3214 1
3215 1
3216 1
3217 1
3218 1
3219 1
3220 1
3221 1
3222 1
3223 1
3224 1
3225 1
3226 1
3227 1
3228 1
3229 1
3230 1
3231 1
3232 1
3233 1
3234 1
3235 1
3236 1
3237 1
3238 1
3239 1
3240 1
3241 1
3242 1
3243 1
3244 1
3245 1
3246 1
3247 1
3248 1
3249 1
3250 1
3251 1
3252 1
3253 1
3254 1
3255 1
3256 1
3257 1
3258 1
3259 1
3260 1
3261 1
3262 1
3263 1
3264 1
3265 1
3266 1
3267 1
3268 1
3269 1
3270 1
3271 1
3272 1
3273 1
3274 1
3275 1
3276 1
3277 1
3278 1
3279 1
3280 1
3281 1
3282 1
3283 1
3284 1
3285 1
3286 1
3287 1
3288 1
3289 1
3290 1
3291 1
3292 1
3293 1
3294 1
3295 1
3296 1
3297 1
3298 1
3299 1
3300 1
3301 1
3302 1
3303 1
3304 1
3305 1
3306 1
3307 1
3308 1
3309 1
3310 1
3311 1
3312 1
3313 1
3314 1
3315 1
3316 1
3317 1
3318 1
3319 1
3320 1
3321 1
3322 1
3323 1
3324 1
3325 1
3326 1
3327 1
3328 1
3329 1
3330 1
3331 1
3332 1
3333 1
3334 1
3335 1
3336 1
3337 1
3338 1
3339 1
3340 1
3341 1
3342 1
3343 1
3344 1
3345 1
3346 1
3347 1
3348 1
3349 1
3350 1
3351 1
3352 1
3353 1
3354 1
3355 1
3356 1
3357 1
3358 1
3359 1
3360 1
3361 1
3362 1
3363 1
3364 1
3365 1
3366 1
3367 1
3368 1
3369 1
3370 1
3371 1
3372 1
3373 1
3374 1
3375 1
3376 1
3377 1
3378 1
3379 1
3380 1
3381 1
3382 1
3383 1
3384 1
3385 1
3386 1
3387 1
3388 1
3389 1
3390 1
3391 1
3392 1
3393 1
3394 1
3395 1
3396 1
3397 1
3398 1
3399 1
3400 1
3401 1
3402 1
3403 1
3404 1
3405 1
3406 1
3407 1
3408 1
3409 1
3410 1
3411 1
3412 1
3413 1
3414 1
3415 1
3416 1
3417 1
3418 1
3419 1
3420 1
3421 1
3422 1
3423 1
3424 1
3425 1
3426 1
3427 1
3428 1
3429 1
3430 1
3431 1
3432 1
3433 1
3434 1
3435 1
3436 1
3437 1
3438 1
3439 1
3440 1
3441 1
3442 1
3443 1
3444 1
3445 1
3446 1
3447 1
3448 1
3449 1
3450 1
3451 1
3452 1
3453 1
3454 1
3455 1
3456 1
3457 1
3458 1
3459 1
3460 1
3461 1
3462 1
3463 1
3464 1
3465 1
3466 1
3467 1
3468 1
3469 1
3470 1
3471 1
3472 1
3473 1
3474 1
3475 1
3476 1
3477 1
3478 1
3479 1
3480 1
3481 1
3482 1
3483 1
3484 1
3485 1
3486 1
3487 1
3488 1
3489 1
3490 1
3491 1
3492 1
3493 1
3494 1
3495 1
3496 1
3497 1
3498 1
3499 1
3500 1
3501 1
3502 1
3503 1
3504 1
3505 1
3506 1
3507 1
3508 1
3509 1
3510 1
3511 1
3512 1
3513 1
3514 1
3515 1
3516 1
3517 1
3518 1
3519 1
3520 1
3521 1
3522 1
3523 1
3524 1
3525 1
3526 1
3527 1
3528 1
3529 1
3530 1
3531 1
3532 1
3533 1
3534 1
3535 1
3536 1
3537 1
3538 1
3539 1
3540 1
3541 1
3542 1
3543 1
3544 1
3545 1
3546 1
3547 1
3548 1
3549 1
3550 1
3551 1
3552 1
3553 1
3554 1
3555 1
3556 1
3557 1
3558 1
3559 1
3560 1
3561 1
3562 1
3563 1
3564 1
3565 1
3566 1
3567 1
3568 1
3569 1
3570 1
3571 1
3572 1
3573 1
3574 1
3575 1
3576 1
3577 1
3578 1
3579 1
3580 1
3581 1
3582 1
3583 1
3584 1
3585 1
3586 1
3587 1
3587 0
